Hmm v1.0

NbStates 4

State
Pi 0.22
A 0.965 0.024 0.01 0 
MultiGaussianOPDF [ [ -34.853 183.375 1.772 ] [ [ 3,842.471 -1,549.325 347.557 ] [ -1,549.325 2,323.245 -702.123 ] [ 347.557 -702.123 1,499.406 ] ] ]

State
Pi 0.02
A 0.023 0.968 0 0.01 
MultiGaussianOPDF [ [ 80.547 208.933 -4.513 ] [ [ 1,184.176 -449.866 185.784 ] [ -449.866 1,226.505 -134.043 ] [ 185.784 -134.043 2,329.229 ] ] ]

State
Pi 0.479
A 0.004 0 0.996 0 
MultiGaussianOPDF [ [ -110.977 320.549 41.272 ] [ [ 3,234.214 1,750.376 691.09 ] [ 1,750.376 1,884.935 -21.595 ] [ 691.09 -21.595 745 ] ] ]

State
Pi 0.281
A 0 0.015 0 0.985 
MultiGaussianOPDF [ [ 214.324 242.524 37.16 ] [ [ 1,273.91 -28.916 651.853 ] [ -28.916 718.879 657.504 ] [ 651.853 657.504 1,464.512 ] ] ]

